6372
6373
6374
6403
6406
6416
6417
6446
6457
6458
6460
6480
11597
11695
11696
11698
12210
12265
13575
13576
13591
13604
14678
15481
24061
24291
24933
28826
28827
28828
28842
28848
28861
28867
28868
28869
28870
28877
28892
31874
31875
36846
43513
43623
44405
45090
45311
46196
46251
46395
47197
58012
58021
58048
58049
58056
58057
58061
58714
62036
62524
62762
62975
63014
63026
69326
80916
91159
91160
91184
91185
91186
91205
91338
91342
91361
91362
91377
91392
91444
91475
91499
91518
91536
91544
91546
91566
91585
91586
91595
91611
91613
91624
91683
91690
91692
91704
91717
91726
91745
91774
91778
91808
91812
92036
92059
92179
92662
92976
92997
93016
93179
93280
93485
93595
93689
93726
93958
94739
94789
95383
95576
95732
95848
96192
96214
96241
96473
96489
96609
96775
97120
97229
97264
97468
97626
98176
98466
98945
98946
99260
99318
99891
100021
100053
101712
102200
102205
102615
102786
102912
102932
102934
102936
103421
103510
103514
103539
103646
103668
103781
103788
103874
103878
103974
103977
104581
104684
104705
104737
104746
104747
104748
104778
104833
104842
106003
106411
106413
106501
106502
106535
106536
106538
106542
106552
106561
106585
106592
106594
106601
106607
106608
106610
106624
106661
106669
106676
106688
106720
106733
106742
106820
106828
106830
106831
106846
107021
107058
107188
107632
107633
107704
107906
107908
107910
107931
107935
107936
107960
108044
108045
108329
108449
108550
108554
108561
108571
108620
108633
108634
108647
108651
108686
108768
108781
108958
109034
109439
109471
109497
109499
109501
109612
109751
109785
109806
110089
110099
110234
110277
110278
110435
110518
110521
110544
110602
110603
110673
110674
110721
110746
110751
110752
110753
110756
110777
110778
110823
110839
110868
110883
111129
111284
111368
111370
111383
111385
111522
111544
111632
111886
111911
111963
111983
111984
112025
112031
112032
112041
112092
112102
112168
112169
112171
112205
112222
112375
112458
112677
112786
112817
112818
112834
112847
112856
112865
112921
112954
112957
113057
113058
113559
113590
113824
113879
113940
114209
114335
114595
114711
114837
114914
115066
115067
115068
115184
116050
116078
116106
116107
116689
116768
117125
117190
117199
117233
117483
117520
117531
117535
117553
117602
118016
118097
118107
118129
118130
118356
118373
118497
118552
118707
118798
118853
118860
118861
118968
119023
119024
119290
119721
119757
119779
119789
119876
119916
119950
119981
120002
120008
120009
120041
120089
120305
120639
120641
120876
121076
121511
122040
122054
122162
122178
122202
122212
122231
122248
122250
122256
122268
122272
122281
122287
122290
122291
122339
122352
122358
122386
122522
122526
122915
123200
123684
123723
123896
124455
124488
124555
124579
124600
124687
124688
124791
124992
125005
125010
125088
125175
125296
125377
125402
125405
125452
125472
125473
125474
125570
125607
125616
125897
126159
126191
126198
126248
126461
126487
126642
126675
126676
126729
127249
127336
127341
127344
127345
127346
127359
127467
127511
127515
127576
127599
128216
128254
128396
128398
128400
128428
128462
128780
128826
128884
128890
128902
128922
128948
128949
128950
128951
128952
128953
128956
129225
129258
129293
129306
129383
129384
129480
129638
129639
129640
129641
129642
129644
129645
129646
129725
129782
129785
129835
129852
129857
129858
129860
129868
129913
129914
129922
129946
129949
129952
129953
129983
129984
129988
129989
129990
130028
130031
130035
130112
130154
130180
130222
130243
130288
130345
130399
130404
130464
130475
130613
130616
130623
130635
130675
130732
130762
130774
130775
130776
130781
130873
130976
131032
131111
131114
131123
131126
131152
131194
131225
131268
131335
131381
131382
131383
131384
131385
131386
131389
131400
131408
131410
131411
131413
131414
131446
131484
131554
131569
131667
131668
131669
131683
131712
131715
131727
131745
131750
131753
131819
131820
131916
131917
132121
132122
132141
132154
132200
132226
132227
132228
132229
132284
132315
132338
132404
132498
132517
132622
132672
132700
132858
132859
132896
132988
133270
133271
133323
133969
134282
134382
134383
134385
135038
135718
135780
135868
135869
135871
135872
136007
136050
136051
136052
136054
136058
136059
136080
136081
136213
136276
136383
136390
136391
136613
136614
136615
136716
136880
136900
136969
136972
136973
136974
136975
136976
137030
137084
137175
137207
137217
137314
137315
137316
137320
137360
137361
137363
137369
137595
137611
137694
137702
137833
137953
138013
138231
138232
138233
138234
138236
138248
138249
138251
138454
138635
138637
138639
138640
138644
138816
138831
139149
139195
139373
139506
139576
139577
139596
139625
139657
139666
139716
139738
139798
139942
139984
140124
140143
140200
140230
140289
140290
140291
140292
140294
140295
140297
140407
140527
140595
140679
140681
140682
140684
140685
140687
140688
140718
140719
140720
140722
140724
140725
140728
140729
140730
140732
140733
140734
140754
140760
141062
141063
141064
141065
141122
141179
141245
141246
141273
141326
141453
141456
141461
141559
141658
141835
141838
141839
141906
142076
142077
142165
142178
142189
142193
142197
142404
142485
142520
142726
142727
142728
142790
142961
143111
143260
143476
143518
144157
144530
144637
144639
144910
144937
145066
145067
145127
145235
145500
145557
145574
145693
145742
145784
145884
146008
146262
146416
146520
146659
146660
146691
146727
146785
146787
146943
146989
147190
147195
147225
147335
147443
147523
147694
147806
147938
148116
148146
148216
148250
148251
148406
148655
148656
148821
149074
149183
149332
149334
149413
149433
149553
149594
149631
149688
149694
149802
149842
150195
150282
150911
151213
151372
151468
151738
151739
151740
151741
151742
151744
151745
151747
151750
151751
151831
151897
152150
152151
152152
152153
152154
152155
152156
152158
152161
152190
152221
153101
153525
153670
153814
154090
154254
154626
154638
154683
154692
154747
154748
154754
154772
154773
154782
154792
154797
154802
154815
154822
154827
154833
154837
154842
154843
154845
154849
154852
154858
154859
154860
154863
154864
154893
154895
154919
154920
154921
154923
154935
154949
154951
154952
154953
154956
154957
154967
154968
154969
154973
154976
154979
154980
154982
154994
154997
155000
155001
155002
155023
155031
155051
155062
155063
155068
155094
155102
155105
155106
155122
155136
155138
155145
155147
155148
155152
155159
155163
155177
155185
155203
155208
155281
155291
155324
155352
155384
155402
155470
155503
155519
155782
155909
156247
156271
156297
156514
156525
156661
156755
157378
157568
158206
158485
158819
158886
159191
159793
159988
160077
160117
160121
160193
160291
160374
160661
160783
160817
161047
161282
162670
162686
162763
163121
163705
163922
164869
166419
166865
166866
166913
166956
167007
167036
167060
167067
167068
167170
167172
167216
167820
167955
169957
170024
170116
170278
170358
172592
172623
172654
172655
172714
172796
172923
172960
173001
173056
173236
173284
173334
173373
173377
173378
173393
173438
173495
173497
173503
173513
173514
173570
173589
173622
173624
173630
173636
173642
173669
173686
173697
173706
173731
173738
173751
173773
173774
173780
173783
173791
173809
173815
173879
173906
173907
173956
173960
174002
174020
174030
174036
174050
174077
174084
174110
174111
174112
174127
174152
174155
174165
174169
174223
174253
174257
174273
174308
174309
174338
174340
174353
174359
174406
174443
174449
174499
174549
174585
174591
174648
174674
174725
174730
174792
174818
174840
174887
174907
174940
174971
175009
175114
175127
175135
175185
175252
175288
175445
200062
200066
200067
200085
200110
200120
200169
200172
200179
200219
200223
200224
200229
200232
200234
200250
200291
200293
200298
200334
200339
200341
200345
200381
200383
200387
200391
200416
200426
200446
200449
200458
200488
200498
200499
200501
200534
200539
200545
200547
200548
200594
200596
200603
200606
200638
200640
200643
200647
200651
200652
200656
200681
200682
200683
200685
200690
200725
200726
200735
200775
200779
200785
200824
200826
200827
200833
200840
200875
200876
200881
200882
200891
200913
200916
200917
200918
200920
200923
200924
200949
200957
200959
200960
200961
200962
200963
200990
200995
200997
201001
201034
201035
201037
201042
201043
201044
201081
201085
201107
201108
201111
201113
201117
201119
201155
201162
201169
201198
201220
201221
201222
201223
201229
201230
201255
201256
201260
201264
201312
201315
201430
201470
201520
201526
201568
202268
202269
202270
202334
203062
203333
203334
203336
203337
203343
203346
203379
203383
203387
203422
203423
203424
203430
203437
203471
203475
203480
203483
203486
203490
203517
203518
203520
203534
203565
203567
203571
203572
203575
203577
203578
203635
203637
203640
203672
203677
203709
203710
203715
203726
203727
203767
203771
203773
203841
203888
203897
203940
203941
203960
204003
204012
204056
204133
204141
204191
204208
204217
204256
204258
204261
204310
204311
204318
204322
204336
204338
204387
204395
204406
204452
204454
204461
204492
204506
204513
204551
204559
204563
204622
204636
204637
204640
204642
204681
204683
204696
204701
204703
204707
204711
204712
204758
204775
204778
204803
204812
204835
204839
204844
204845
204880
204881
204886
204926
204932
204944
204993
205006
205010
205057
205058
205101
205166
205174
205220
205221
205222
205223
205225
205230
205234
205235
205236
205237
205263
205271
205272
205274
205277
205310
205322
205323
205331
205344
205349
205383
205384
205385
205389
205391
205394
205395
205397
205401
205430
205434
205436
205455
205456
205459
205460
205461
205469
205535
205536
205537
205543
205544
205552
205576
205583
205584
205594
205632
205652
205653
205657
205660
205662
205663
205664
205665
205668
205698
205699
205707
205715
205756
205757
205758
205765
205811
205864
205869
205872
205887
205888
205892
205897
205904
205928
205931
205933
205995
205997
205999
206000
206016
206043
206044
206054
206055
206059
206085
206094
206098
206100
206101
206128
206129
206170
206184
206207
206217
206219
206223
206260
206273
206277
206322
206323
206324
206333
206419
206436
206439
206463
206464
206484
206486
206492
206529
206542
206544
206545
206559
206560
206579
206584
206616
206625
206666
206667
206668
206675
206681
206687
206691
206723
206724
206727
206728
206730
206731
206733
206800
206801
206802
206807
206808
206810
206812
206818
206853
206854
206855
206858
206860
206865
206871
206878
206924
206925
206941
206981
206982
206983
206991
206992
206998
207006
207052
207053
207054
207062
207067
207069
207070
207115
207116
207123
207124
207130
207134
207135
207180
207181
207182
207188
207189
207190
207192
207194
207199
207201
207202
207237
207242
207243
207245
207294
207303
207306
207308
207311
207313
207345
207346
207347
207349
207351
207352
207355
207372
207373
207374
207375
207376
207378
207379
207380
207381
207382
207384
207386
207389
207390
207392
207422
207423
207424
207427
207428
207429
207432
207433
207434
207435
207437
207472
207494
207495
207496
207498
207501
207502
207509
207511
207512
207513
207517
207553
207554
207555
207557
207559
207561
207562
207564
207566
207570
207573
207579
207584
207610
207611
207612
207615
207619
207622
207623
207624
207627
207629
207666
207667
207668
207669
207670
207674
207675
207676
207678
207680
207683
207686
207688
207692
207727
207728
207729
207735
207736
207739
207741
207742
207745
207776
207778
207780
207781
207782
207783
207785
207786
207791
207792
207796
207826
207827
207828
207830
207833
207835
207837
207838
207839
207851
207875
207876
207877
207881
207883
207888
207890
207893
207935
207936
207937
207938
207939
207941
207943
207944
207947
207951
207955
207992
207993
207994
207999
208001
208004
208005
208006
208036
208038
208039
208040
208042
208044
208046
208052
208054
208058
208077
208078
208079
208082
208084
208085
208086
208089
208114
208116
208123
208127
208132
208134
208136
208139
208141
208142
208171
208172
208173
208177
208179
208181
208182
208183
208210
208211
208212
208213
208216
208222
208225
208226
208230
208252
208253
208255
208256
208257
208260
208265
208267
208268
208295
208296
208299
208301
208305
208307
208324
208325
208326
208329
208332
208340
208346
208350
208352
208366
208370
208381
208385
208388
208394
208398
208415
208416
208419
208420
208422
208424
208425
208431
208436
208461
208462
208463
208468
208470
208471
208472
208482
208483
208486
208490
208494
208496
208527
208529
208533
208536
208537
208539
208541
208562
208563
208570
208572
208592
208594
208596
208599
208600
208603
208604
208609
208626
208627
208635
208659
208660
208664
208666
208668
208670
208671
208673
208677
208679
208730
208731
208732
208735
208740
208764
208765
208766
208768
208773
208801
208802
208808
208809
208813
208815
208816
208817
208818
208824
208866
208867
208868
208872
208899
208900
208901
208902
208905
208910
208916
208940
208941
208942
208956
208958
208984
208985
208987
208988
208991
208992
208994
208995
208997
208999
209002
209005
209007
209010
209017
209043
209044
209045
209049
209092
209093
209103
209138
209139
209140
209142
209145
209150
209153
209155
209159
209191
209192
209193
209196
209210
209214
209265
209266
209268
209269
209271
209274
209283
209336
209337
209338
209399
209400
209401
209404
209405
209409
209411
209412
209413
209415
209423
209487
209488
209489
209492
209536
209537
209539
209545
209588
209590
209597
209598
209599
209602
209606
209608
209611
209655
209656
209657
209660
209666
209676
209720
209721
209722
209723
209727
209728
209731
209732
209733
209736
209796
209797
209798
209800
209801
209837
209838
209839
209840
209841
209842
209843
209844
209846
209851
209854
209856
209872
209907
209908
209909
209914
209918
209937
209967
209968
209969
209972
209974
209978